<?xml version="1.0" encoding="utf-8"?>
<COLLADA version="1.4.0" xmlns="http://www.collada.org/2005/11/COLLADASchema">
  <asset>
    <contributor>
      <author>www.makehuman.org</author>
    </contributor>
    <created>Sun, 09 Aug 2015 17:42:46 +0000</created>
    <modified>Sun, 09 Aug 2015 17:42:46 +0000</modified>
    <unit meter="1.0000" name="meter"/>
    <up_axis>Y_UP</up_axis>
  </asset>

  <library_images>
    <image id="brown_eye_png" name="brown_eye_png">
      <init_from>textures/brown_eye.png</init_from>
    </image>
  </library_images>

  <library_effects>
    <effect id="DefaultSkin-effect">
      <profile_COMMON>
        <technique sid="common">
          <phong>
            <diffuse>
              <color>0.5903 0.4400 0.3380 1.0000</color> 
            </diffuse>
            <transparency>
            </transparency>
            <specular>
              <color>0.3000 0.3000 0.3000 1.0000</color> 
            </specular>
            <shininess><float>245.76</float></shininess>
            <normal>
            </normal>
            <bump>
            </bump>
            <displacement>
            </displacement>
          </phong>
          <extra/>
        </technique>
        <extra>
          <technique profile="GOOGLEEARTH">
            <show_double_sided>1</show_double_sided>
          </technique>
        </extra>
      </profile_COMMON>
      <extra><technique profile="MAX3D"><double_sided>1</double_sided></technique></extra>
    </effect>
    <effect id="Eye_brown-effect">
      <profile_COMMON>
        <newparam sid="brown_eye_png-surface">
          <surface type="2D">
            <init_from>brown_eye_png</init_from>
          </surface>
        </newparam>
        <newparam sid="brown_eye_png-sampler">
          <sampler2D>
            <source>brown_eye_png-surface</source>
          </sampler2D>
        </newparam>
        <technique sid="common">
          <phong>
            <diffuse>
              <color>1.0000 1.0000 1.0000 0.0000</color> 
              <texture texture="brown_eye_png-sampler" texcoord="UVTex"/>
            </diffuse>
            <transparency>
              <texture texture="brown_eye_png-sampler" texcoord="UVTex"/>
            </transparency>
            <specular>
              <color>1.0000 1.0000 1.0000 0.0000</color> 
            </specular>
            <shininess><float>256.0</float></shininess>
            <normal>
            </normal>
            <bump>
            </bump>
            <displacement>
            </displacement>
          </phong>
          <extra/>
        </technique>
        <extra>
          <technique profile="GOOGLEEARTH">
            <show_double_sided>1</show_double_sided>
          </technique>
        </extra>
      </profile_COMMON>
      <extra><technique profile="MAX3D"><double_sided>1</double_sided></technique></extra>
    </effect>
  </library_effects>

  <library_materials>
    <material id="DefaultSkin" name="DefaultSkin">
      <instance_effect url="#DefaultSkin-effect"/>
    </material>
    <material id="Eye_brown" name="Eye_brown">
      <instance_effect url="#Eye_brown-effect"/>
    </material>
  </library_materials>

  <library_controllers>

    <controller id="mh-proxy741-skin">
      <skin source="#mh-proxy741Mesh">
        <bind_shape_matrix>
          1 0 0 0
          0 1 0 0
          0 0 1 0
          0 0 0 1
        </bind_shape_matrix>
        <source id="mh-proxy741-skin-joints">
          <IDREF_array count="32" id="mh-proxy741-skin-joints-array">
            hips thigh_L thigh_R spine shin_L shin_R chest foot_L foot_R clavicle_R clavicle_L neck toe_L toe_R upper_arm_R upper_arm_L head forearm_R forearm_L jaw eye_R eye_L hand_R hand_L thumb_02_R f_ring_01_R f_index_01_R thumb_02_L f_ring_01_L f_index_01_L thumb_03_R thumb_03_L
          </IDREF_array>
          <technique_common>
            <accessor count="32" source="#mh-proxy741-skin-joints-array" stride="1">
              <param type="IDREF" name="JOINT"></param>
            </accessor>
          </technique_common>
        </source>
        <source id="mh-proxy741-skin-weights">
          <float_array count="1221" id="mh-proxy741-skin-weights-array">
           0.121546 0.154471 0.905426 1.0 0.486914 0.989401 0.701079 0.759888 0.998031 0.930546 0.421211 0.520876 0.458899 0.00158192 0.769986 0.771342 0.980115 0.992943 0.918856 0.883527 0.753414 0.994827 0.7906 0.879545 0.847447 0.871908 0.473405 0.546919 0.347119 1.0 0.399125 0.659918 0.460015 0.49713 0.007786 0.810138 0.0519535 0.030273 0.868257 0.13602 0.121546 0.154471 0.486914 1.0 0.989401 0.701079 0.759888 0.998031 0.930546 0.421211 0.520876 0.458899 0.99817 0.00158192 0.997552 0.769986 0.771342 0.980115 0.992943 0.989374 0.918856 0.883527 0.994827 0.7906 0.879545 0.847447 0.871908 0.473405 0.405026 0.546919 1.0 0.399125 0.659918 0.460015 0.49713 0.007786 0.00607435 0.810138 0.0519535 0.030273 0.868257 0.0105986 0.298921 0.240112 0.00196878 0.578789 0.479124 0.541101 0.311045 0.998418 0.230014 0.965115 0.324375 0.100824 0.179995 0.134267 0.163779 0.248591 0.214426 1.0 1.0 1.0 1.0 1.0 1.0 1.0 0.228658 0.0198848 0.971513 0.996316 0.983629 0.999192 0.839513 0.911489 0.835282 0.00705723 0.0532598 0.00517335 0.0707829 0.189862 0.131743 0.0105986 0.298921 0.240112 0.00196878 0.578789 0.479124 0.541101 0.311047 0.998418 0.230014 0.965115 0.324375 0.100824 0.179995 0.134267 0.163779 0.248591 0.214426 1.0 1.0 1.0 1.0 1.0 1.0 1.0 0.228658 0.0198848 0.971513 0.996316 0.983629 0.999192 0.839513 0.911489 0.835282 0.00705723 0.0532598 0.00517335 0.0707829 0.189862 0.131743 0.00183031 0.878454 0.845529 0.094574 0.513086 0.069454 0.081144 0.063213 0.246586 0.2094 0.0496725 0.152553 0.128092 0.526595 0.453081 0.652881 0.600875 0.340082 0.539985 0.50287 0.925204 0.992214 0.98632 0.948047 0.981912 0.969727 0.190814 0.171729 0.00224037 0.302841 0.21313 0.203688 0.162206 0.191474 0.0299752 0.86398 0.878454 0.845529 0.513086 0.069454 0.00244781 0.0106258 0.081144 0.063213 0.2094 0.0496725 0.152553 0.128092 0.526595 0.589462 0.453081 0.600875 0.340082 0.539985 0.50287 0.925204 0.904635 0.992214 0.993344 0.98632 0.948047 0.981912 0.969727 0.190814 0.134216 0.171729 0.00224037 0.21313 0.203688 0.162206 0.191474 0.0299752 0.299005 1.0 0.688955 0.0348852 0.0471755 0.0227425 0.095752 0.207582 0.402718 0.46034 0.350164 0.442345 0.474549 0.441923 0.458765 1.0 1.0 1.0 1.0 1.0 1.0 1.0 0.675625 0.899176 0.820005 0.865732 0.836221 0.751409 0.785574 0.0284869 0.00368437 0.0163709 0.000808245 0.160487 0.0885109 0.164718 0.299005 1.0 0.688953 0.0348852 0.0471755 0.0227425 0.095752 0.207582 0.402718 0.46034 0.350164 0.442345 0.474549 0.441923 0.458765 1.0 1.0 1.0 1.0 1.0 1.0 1.0 0.675625 0.899176 0.820005 0.865732 0.836221 0.751409 0.785574 0.0284869 0.00368437 0.0163709 0.000808245 0.160487 0.0885109 0.164718 1.0 1.0 0.803438 1.0 1.0 0.495648 0.516393 0.190968 0.00492106 0.183222 0.0747957 0.0136801 0.0180875 0.809186 1.0 0.828271 0.99776 0.697159 0.78687 0.796312 0.837794 0.808526 1.0 0.986509 1.0 1.0 0.799236 0.91246 1.0 0.970025 1.0 1.0 0.929405 0.985347 0.993473 0.485359 0.632852 0.379663 0.272838 0.657033 0.0936873 0.360233 0.334232 0.403502 0.466729 0.668886 0.534984 0.226458 0.342129 0.126518 0.808434 0.543628 0.11858 0.130224 0.20399 0.343503 0.261418 0.484989 0.668021 0.282904 0.31206 0.00385411 0.00138414 1.0 0.803438 1.0 1.0 0.495648 0.516393 0.190968 0.00492106 0.183222 0.0055125 0.0747957 0.095365 0.000582048 0.0136801 0.0180875 0.809186 0.865784 1.0 1.0 0.828271 0.99776 0.78687 0.796312 0.837794 0.808526 0.986509 1.0 0.799236 0.91246 1.0 0.970025 1.0 1.0 0.929405 0.985347 0.993473 0.485359 0.632852 0.379663 0.272838 0.657033 0.0936874 0.360233 0.334232 0.466729 0.668886 0.534984 0.226458 0.342129 0.126518 0.808434 0.981484 0.543628 0.116096 0.11858 0.130224 0.20399 0.343503 0.261418 0.484989 0.282904 0.31206 0.00385411 0.00138414 1.0 1.0 1.0 0.700995 1.0 1.0 1.0 1.0 1.0 0.885165 1.0 1.0 1.0 1.0 1.0 1.0 1.0 1.0 1.0 1.0 1.0 0.853175 0.891941 1.0 1.0 0.952824 0.977257 0.904248 0.792418 0.597283 0.53966 0.649836 0.557655 0.525451 0.558077 0.541235 1.0 1.0 1.0 0.700995 1.0 1.0 1.0 1.0 1.0 0.885165 1.0 1.0 1.0 1.0 1.0 1.0 1.0 1.0 1.0 1.0 1.0 0.853175 0.891941 1.0 1.0 0.952824 0.977257 0.904248 0.792418 0.597283 0.53966 0.649836 0.557655 0.525451 0.558077 0.541235 0.00607784 0.249501 0.188703 0.549019 0.886015 0.645736 0.0134909 0.200764 0.0146534 0.0237523 0.241376 0.249174 0.0234739 0.322307 0.359453 0.249265 0.483543 1.0 0.637316 0.582901 0.00442841 0.25223 0.548187 0.446068 0.687138 0.191566 0.422972 0.136478 0.0104386 0.178017 0.429683 0.381967 0.0207335 0.00607784 0.249501 0.188703 0.549019 0.886015 0.645736 0.0134909 0.200764 0.0146534 0.0237523 0.241376 0.249174 0.0234739 0.322307 0.359453 0.249228 0.483543 1.0 0.637316 0.582901 0.00442841 0.25223 0.548187 0.446068 0.687138 0.191566 0.422972 0.136478 0.0104386 0.178017 0.429683 0.381967 0.596497 0.533271 0.326686 0.212786 0.225354 0.211803 0.186344 0.0252515 0.88142 0.869776 0.79601 0.520019 0.728144 0.336994 0.311246 0.287412 0.305973 0.694657 0.676472 0.683701 0.79125 0.201981 0.688981 0.166027 0.766222 0.236883 0.476947 0.778774 0.725489 0.0424632 0.118139 0.508056 0.101415 0.743224 0.533271 0.326686 0.212786 0.225354 0.211803 0.186344 0.018516 0.0252515 0.883904 0.88142 0.869776 0.79601 0.520019 0.728144 0.336994 0.287412 0.305973 0.705199 0.694657 0.676472 0.683701 0.79125 0.688981 0.166027 0.236883 0.476948 0.778774 0.725489 0.0424632 0.118139 0.508056 0.101415 0.743224 1.0 1.0 1.0 0.114835 1.0 1.0 1.0 0.146825 0.108059 1.0 1.0 1.0 0.114835 1.0 1.0 1.0 0.146825 0.108059 0.168142 0.134364 0.190485 0.254851 0.294904 0.260013 0.109064 0.171042 0.0875398 0.201569 0.0705952 0.00652717 0.730045 0.490889 0.125772 0.774777 0.371164 0.72965 0.703688 0.0206598 0.231263 0.171807 0.117075 0.896088 0.834385 0.856951 0.640547 0.657048 0.516457 0.00245151 0.0828671 0.00814844 0.0081782 0.00275792 0.000311389 0.168142 0.134364 0.190485 0.254851 0.294904 0.260013 0.109064 0.171042 0.0875398 0.201569 0.0705952 0.00652717 0.730045 0.490889 0.125772 0.774777 0.371164 0.72965 0.703688 0.0206598 0.231263 0.171807 0.117075 0.896088 0.834385 0.856951 0.640547 0.657085 0.516457 0.00245151 0.0828671 0.00814844 0.0081782 0.00275792 0.000311389 1.0 1.0 1.0 1.0 1.0 1.0 1.0 0.957295 0.764763 0.135186 0.0664077 1.0 1.0 0.943696 0.731547 0.177785 0.0574996 1.0 1.0 1.0 1.0 1.0 1.0 0.305343 1.0 1.0 1.0 1.0 1.0 1.0 1.0 1.0 1.0 1.0 1.0 1.0 1.0 0.323527 0.316299 0.205412 1.0 1.0 1.0 0.991822 0.17076 0.115092 0.00249405 1.0 1.0 1.0 1.0 1.0 1.0 1.0 1.0 1.0 1.0 1.0 1.0 1.0 1.0 1.0 1.0 1.0 1.0 0.989845 0.710159 0.00107661 0.544937 0.047303 0.0615287 0.229136 1.0 1.0 1.0 1.0 1.0 1.0 1.0 0.465603 1.0 1.0 1.0 0.832315 0.408046 1.0 0.337287 0.194202 1.0 1.0 1.0 1.0 1.0 0.0668594 0.256776 1.0 0.964561 0.739981 0.725321 0.66452 1.0 0.997242 1.0 1.0 1.0 1.0 1.0 1.0 1.0 1.0 0.964483 1.0 1.0 0.999689 1.0 0.937729 1.0 1.0 1.0 1.0 1.0 1.0 1.0 1.0 1.0 1.0 1.0 1.0 1.0 1.0 1.0 1.0 1.0 1.0 1.0 1.0 0.957295 0.764763 0.135186 0.0664077 1.0 0.943696 0.731547 0.177785 0.0574996 0.294801 1.0 1.0 0.305343 1.0 1.0 1.0 1.0 1.0 1.0 1.0 1.0 1.0 1.0 1.0 0.323527 0.316299 0.205412 1.0 1.0 1.0 0.991822 0.17076 0.115092 0.00249405 1.0 1.0 1.0 1.0 1.0 1.0 1.0 1.0 1.0 1.0 1.0 1.0 1.0 1.0 1.0 1.0 0.989845 0.710159 0.00107661 0.544937 0.047303 0.0615287 0.229136 1.0 1.0 1.0 1.0 1.0 1.0 1.0 0.465603 1.0 1.0 1.0 0.832315 0.408046 1.0 0.337287 0.194202 1.0 1.0 1.0 1.0 1.0 0.0668594 0.256776 1.0 1.0 0.964561 0.739981 0.725321 0.66452 1.0 0.997242 1.0 1.0 1.0 1.0 1.0 1.0 1.0 1.0 0.964483 1.0 1.0 0.999689 1.0 0.937729 1.0 1.0 1.0 1.0 1.0 1.0 1.0 1.0 1.0 1.0 1.0 1.0 1.0 0.198465 0.029505 0.831858 0.865636 0.0378889 0.798431 0.269955 0.225222 0.27035 0.25187 0.26025 0.0904447 0.768737 0.828192 0.882925 0.103913 0.165615 0.143049 0.198465 0.029505 0.831858 0.865636 0.0378889 0.798431 0.269955 0.225222 0.27035 0.25187 0.26025 0.0904447 0.768737 0.828192 0.882925 0.103913 0.165615 0.143049 0.0427053 0.235237 0.864814 0.933592 0.0563039 0.268453 0.822215 0.9425 1.0 0.00333852 0.798019 0.307165 0.832589 0.233777 1.0 1.0 0.763117 0.352293 0.106134 0.997506 0.0101548 0.289841 0.273435 0.455062 0.952697 0.896008 0.652725 0.0263415 0.06627 0.591954 0.662713 0.805798 1.0 0.933141 1.0 0.035439 0.260019 0.274679 0.33548 0.0355174 0.0622712 0.0427053 0.235237 0.864814 0.933592 1.0 0.0563039 0.268453 0.822215 0.9425 0.00333852 0.307165 0.832589 1.0 1.0 1.0 1.0 0.763117 0.352293 0.106134 0.997506 1.0 0.0101548 0.289841 0.273435 0.455062 0.952697 0.896008 0.652725 0.0263415 0.06627 0.591954 0.662713 0.805798 1.0 0.933141 0.035439 0.260019 0.274679 0.33548 0.0355174 0.0622712 0.417605 0.0672448 0.0811521 0.586028 0.677327 0.583612 1.0 0.953322 1.0 0.963047 1.0 1.0 1.0 1.0 0.980046 1.0 0.75187 0.495929 0.804767 0.53046 0.801535 0.970495 0.962111 0.74813 0.73975 0.909555 0.417605 0.0673054 0.0811521 0.586028 0.677327 0.583612 1.0 0.953322 1.0 0.963047 1.0 1.0 1.0 1.0 0.980046 1.0 0.75187 0.495929 0.804767 0.53046 0.801535 0.970495 0.962111 0.74813 0.73975 0.909555 0.00434398 0.640655 0.845554 0.823111 0.843938 0.24813 0.504071 0.195233 0.46954 1.0 1.0 1.0 1.0 1.0 1.0 1.0 1.0 0.582395 0.932755 0.918848 0.413972 0.0466781 0.0369533 1.0 1.0 1.0 1.0 0.322673 0.416388 0.0156103 0.00434398 0.640655 0.845554 0.823111 0.843938 0.24813 0.504071 0.195233 0.46954 1.0 1.0 1.0 1.0 1.0 1.0 1.0 1.0 0.582395 0.932695 0.918848 0.413972 0.0466781 0.0369533 1.0 1.0 1.0 1.0 0.322673 0.416388 0.0156103 0.359345 0.154446 0.176889 0.156062 1.0 1.0 1.0 1.0 0.359345 0.154446 0.176889 0.156062 1.0 1.0 1.0 1.0
          </float_array>
          <technique_common>
            <accessor count="1221" source="#mh-proxy741-skin-weights-array" stride="1">
              <param type="float" name="WEIGHT"></param>
            </accessor>
          </technique_common>
        </source>
        <source id="mh-proxy741-skin-poses">
          <float_array count="512" id="mh-proxy741-skin-poses-array">
            1.0000 0.0000 -0.0000 -0.0000
            -0.0000 0.9875 -0.1577 -0.8613
            0.0000 0.1577 0.9875 -0.1509
            0.0000 0.0000 0.0000 1.0000

            0.9910 0.0965 -0.0930 -0.1836
            0.1042 -0.9911 0.0823 0.8476
            -0.0842 -0.0912 -0.9923 0.0924
            0.0000 0.0000 0.0000 1.0000

            0.9910 -0.0965 0.0930 0.1836
            -0.1042 -0.9911 0.0823 0.8476
            0.0842 -0.0912 -0.9923 0.0924
            0.0000 0.0000 0.0000 1.0000

            1.0000 0.0000 -0.0000 -0.0000
            -0.0000 0.9997 0.0231 -1.0198
            0.0000 -0.0231 0.9997 0.0336
            0.0000 0.0000 0.0000 1.0000

            0.9910 0.0965 -0.0930 -0.1836
            0.0935 -0.9950 -0.0361 0.4609
            -0.0960 0.0270 -0.9950 0.0380
            0.0000 0.0000 0.0000 1.0000

            0.9910 -0.0965 0.0930 0.1836
            -0.0935 -0.9950 -0.0361 0.4609
            0.0960 0.0270 -0.9950 0.0380
            0.0000 0.0000 0.0000 1.0000

            1.0000 -0.0000 0.0000 0.0000
            0.0000 0.9991 0.0423 -1.0940
            -0.0000 -0.0423 0.9991 0.0547
            0.0000 0.0000 0.0000 1.0000

            0.9990 0.0342 -0.0291 -0.1821
            0.0416 -0.4576 0.8882 0.0042
            0.0170 -0.8885 -0.4586 0.0692
            0.0000 0.0000 0.0000 1.0000

            0.9990 -0.0342 0.0291 0.1821
            -0.0416 -0.4576 0.8882 0.0042
            -0.0170 -0.8885 -0.4586 0.0692
            0.0000 0.0000 0.0000 1.0000

            0.3431 -0.0958 -0.9344 0.2022
            -0.9344 -0.1362 -0.3291 0.1804
            -0.0958 0.9860 -0.1362 -1.3167
            0.0000 0.0000 0.0000 1.0000

            0.3431 0.0958 0.9344 -0.2022
            0.9344 -0.1362 -0.3291 0.1804
            0.0958 0.9860 -0.1362 -1.3167
            0.0000 0.0000 0.0000 1.0000

            1.0000 0.0000 -0.0000 -0.0000
            -0.0000 0.9999 0.0171 -1.4141
            0.0000 -0.0171 0.9999 0.0190
            0.0000 0.0000 0.0000 1.0000

            0.9990 0.0342 -0.0291 -0.1821
            0.0292 0.0000 0.9996 -0.1448
            0.0342 -0.9994 -0.0010 0.0033
            0.0000 0.0000 0.0000 1.0000

            0.9990 -0.0342 0.0291 0.1821
            -0.0292 0.0000 0.9996 -0.1448
            -0.0342 -0.9994 -0.0010 0.0033
            0.0000 0.0000 0.0000 1.0000

            -0.7430 0.6676 -0.0471 -1.0062
            -0.6684 -0.7438 0.0033 0.8708
            -0.0328 0.0340 0.9989 -0.0697
            0.0000 0.0000 0.0000 1.0000

            -0.7430 -0.6676 0.0471 1.0062
            0.6684 -0.7438 0.0033 0.8708
            0.0328 0.0340 0.9989 -0.0697
            0.0000 0.0000 0.0000 1.0000

            1.0000 0.0000 0.0000 0.0000
            0.0000 0.9992 -0.0406 -1.5235
            0.0000 0.0406 0.9992 -0.0689
            0.0000 0.0000 0.0000 1.0000

            -0.7430 0.6676 -0.0471 -1.0062
            -0.5111 -0.5206 0.6839 0.4103
            0.4320 0.5322 0.7281 -0.4782
            0.0000 0.0000 0.0000 1.0000

            -0.7430 -0.6676 0.0471 1.0062
            0.5111 -0.5206 0.6839 0.4103
            -0.4320 0.5322 0.7281 -0.4782
            0.0000 0.0000 0.0000 1.0000

            1.0000 0.0000 0.0000 0.0000
            0.0000 -0.6999 0.7142 1.0246
            0.0000 -0.7142 -0.6999 1.1262
            0.0000 0.0000 0.0000 1.0000

            0.9545 -0.2961 0.0355 0.4834
            -0.0506 -0.0434 0.9978 -0.0518
            -0.2938 -0.9542 -0.0565 1.4808
            0.0000 0.0000 0.0000 1.0000

            0.9542 0.2971 -0.0355 -0.4850
            0.0506 -0.0434 0.9978 -0.0518
            0.2949 -0.9539 -0.0565 1.4803
            0.0000 0.0000 0.0000 1.0000

            0.3602 0.6558 0.6634 -0.6244
            -0.2573 -0.6137 0.7464 0.3699
            0.8967 -0.4396 -0.0523 0.8625
            0.0000 0.0000 0.0000 1.0000

            0.3602 -0.6558 -0.6634 0.6244
            0.2573 -0.6137 0.7464 0.3699
            -0.8967 -0.4396 -0.0523 0.8625
            0.0000 0.0000 0.0000 1.0000

            0.8840 -0.1951 -0.4248 0.6841
            0.3087 -0.4387 0.8440 0.3616
            -0.3509 -0.8772 -0.3276 0.8036
            0.0000 0.0000 0.0000 1.0000

            0.2422 0.4483 0.8604 -0.5129
            -0.4088 -0.7571 0.5095 0.3948
            0.8799 -0.4752 -0.0001 0.8903
            0.0000 0.0000 0.0000 1.0000

            0.7310 0.4915 0.4734 -0.2602
            -0.1430 -0.5680 0.8105 0.2602
            0.6673 -0.6601 -0.3449 1.0551
            0.0000 0.0000 0.0000 1.0000

            0.8846 0.1937 0.4242 -0.6828
            -0.3087 -0.4387 0.8440 0.3616
            0.3495 -0.8775 -0.3283 0.8047
            0.0000 0.0000 0.0000 1.0000

            0.2422 -0.4483 -0.8604 0.5129
            0.4088 -0.7571 0.5095 0.3948
            -0.8799 -0.4752 -0.0001 0.8903
            0.0000 0.0000 0.0000 1.0000

            0.7310 -0.4915 -0.4734 0.2602
            0.1430 -0.5680 0.8105 0.2602
            -0.6673 -0.6601 -0.3449 1.0551
            0.0000 0.0000 0.0000 1.0000

            0.8886 -0.1753 -0.4239 0.6664
            0.2891 -0.5034 0.8143 0.3873
            -0.3561 -0.8461 -0.3966 0.7902
            0.0000 0.0000 0.0000 1.0000

            0.8890 0.1742 0.4234 -0.6654
            -0.2891 -0.5034 0.8143 0.3873
            0.3550 -0.8463 -0.3971 0.7911
            0.0000 0.0000 0.0000 1.0000

          </float_array>
          <technique_common>
            <accessor count="32" source="#mh-proxy741-skin-poses-array" stride="16">
              <param type="float4x4"></param>
            </accessor>
          </technique_common>
        </source>
        <joints>
          <input semantic="JOINT" source="#mh-proxy741-skin-joints"/>
          <input semantic="INV_BIND_MATRIX" source="#mh-proxy741-skin-poses"/>
        </joints>
        <vertex_weights count="741">
          <input offset="0" semantic="JOINT" source="#mh-proxy741-skin-joints"/>
          <input offset="1" semantic="WEIGHT" source="#mh-proxy741-skin-weights"/>
          <vcount>
            1 1 1 1 1 1 1 1 1 1 1 1 1 2 1 2 1 1 2 1 1 1 1 1 1 1 1 2 1 2 2 2 2 1 1 2 2 1 1 1 1 1 1 2 2 1 2 3 1 1 1 3 1 1 1 1 1 1 1 3 3 2 2 3 2 2 1 1 1 1 1 1 1 1 1 1 1 1 1 1 1 1 1 2 3 3 2 1 1 1 1 3 3 2 1 1 1 3 2 2 1 1 1 1 1 1 1 1 1 1 1 2 1 1 2 3 3 3 3 3 2 2 2 2 4 2 2 3 3 3 3 3 2 3 3 1 2 3 2 2 2 2 2 2 2 2 2 2 3 3 2 3 2 3 3 2 2 2 2 1 1 2 1 2 2 2 2 1 2 2 2 2 2 2 2 2 1 1 2 2 2 2 2 2 2 3 2 2 2 2 2 2 2 1 2 3 2 2 2 3 2 2 3 2 2 2 3 3 3 3 3 1 1 3 1 2 2 2 2 2 2 2 2 2 2 2 1 1 1 1 1 1 1 2 2 2 2 2 2 2 2 2 1 1 1 1 1 1 1 2 2 2 2 2 2 2 2 2 1 1 1 1 2 2 2 2 2 2 1 3 1 1 1 1 2 1 2 1 2 2 2 2 2 2 1 1 1 1 1 1 1 1 1 1 1 1 2 2 2 2 1 1 2 2 1 1 1 1 1 1 1 1 1 1 1 1 1 1 2 1 1 1 1 1 1 1 1 2 2 2 2 2 1 2 1 1 1 2 2 2 2 1 1 2 2 2 2 1 1 1 1 1 1 1 2 2 2 2 2 2 2 2 2 1 2 2 2 2 1 1 1 1 1 1 1 1 1 1 1 1 1 2 1 2 1 1 2 1 1 1 1 1 1 1 1 2 1 2 2 2 2 1 1 2 2 1 1 1 1 1 1 2 2 1 2 3 1 1 1 3 1 1 1 1 1 1 1 3 3 2 2 3 2 2 1 1 1 1 1 1 1 1 1 1 1 1 1 1 1 1 1 1 2 3 3 2 1 1 2 3 3 2 2 1 1 1 3 2 2 1 1 1 1 1 1 1 1 1 1 1 1 1 2 1 1 1 1 1 3 3 3 3 3 3 2 2 2 4 2 3 3 3 3 3 2 2 3 3 1 2 3 2 2 2 2 2 2 2 2 2 2 3 3 2 3 2 3 3 2 2 2 2 1 1 2 1 2 2 2 2 1 1 2 1 2 2 2 2 2 2 2 2 1 2 2 2 2 2 2 2 2 2 2 2 2 1 2 2 2 2 2 3 2 2 2 3 2 2 3 3 3 3 3 1 1 3 1 1 2 2 2 2 2 2 2 2 2 2 2 1 1 1 1 1 1 1 2 2 2 2 2 2 2 2 2 1 1 1 1 1 1 1 2 2 2 2 2 2 2 2 2 1 1 1 1 2 2 2 2 2 2 1 3 1 1 1 1 2 1 2 1 2 2 2 2 2 2 1 1 1 1 1 1 1 1 1 1 1 1 2 2 2 2 1 1 2 2 1 1 1 1 1 1 1 1 1 1 1 1 1 1 2 1 1 1 1 1 1 1 1 2 2 2 2 1 2 1 1 1 1 1 2 2 2 2 1 1 2 2 2 2 1 1 1 1 1 1 1 2 2 2 2 2 2 2 2 2 1 2 2 2
          </vcount>
          <v>
            16 974 16 973 16 972 16 971 16 970 16 969 16 968 16 967 16 966 16 965 16 964 16 963 16 962 16 961 19 1092 16 960 15 723 16 959 16 958 16 957 16 956 19 1091 16 955 16 954 16 953 16 952 16 951 16 950 16 949 16 948 15 722 16 947 16 946 16 945 19 1090 16 944 19 1089 16 943 19 1088 16 942 19 1087 16 941 16 940 11 635 16 939 16 938 19 1086 19 1085 16 937 16 936 16 935 16 934 16 933 16 932 19 1084 16 931 19 1083 16 930 16 929 19 1082 11 634 16 928 19 1081 16 927 16 926 16 925 11 633 16 924 19 1080 16 923 16 922 16 921 16 920 16 919 16 918 16 917 11 632 16 916 19 1079 11 631 16 915 19 1078 16 914 19 1077 16 913 19 1076 11 630 16 912 19 1075 16 911 19 1074 16 910 19 1073 16 909 16 908 19 1072 16 907 16 906 16 905 16 904 16 903 16 902 16 901 16 900 16 899 16 898 16 897 16 896 16 895 16 894 16 893 19 1071 11 629 16 892 19 1070 11 628 16 891 19 1069 11 627 19 1068 19 1067 19 1066 19 1065 19 1064 6 431 11 626 19 1063 6 430 11 625 19 1062 15 721 16 890 16 889 16 888 16 887 11 624 16 886 19 1061 11 623 16 885 11 622 16 884 16 883 16 882 16 881 16 880 16 879 16 878 16 877 16 876 16 875 16 874 16 873 11 621 16 872 16 871 16 870 11 620 16 869 6 429 10 568 11 619 6 428 10 567 11 618 6 427 10 566 11 617 6 426 10 565 11 616 6 425 10 564 11 615 6 424 11 614 6 423 11 613 6 422 11 612 6 421 11 611 6 420 10 563 11 610 15 720 6 419 11 609 6 418 10 562 6 417 10 561 11 608 6 416 10 560 11 607 6 415 10 559 11 606 6 414 10 558 11 605 6 413 10 557 11 604 6 412 11 603 6 411 10 556 15 719 6 410 10 555 15 718 10 554 10 553 15 717 6 409 10 552 15 716 10 551 15 715 15 714 18 1010 15 713 18 1009 15 712 18 1008 15 711 18 1007 15 710 18 1006 15 709 18 1005 18 1004 23 1144 18 1003 23 1143 18 1002 23 1142 6 408 10 550 15 708 6 407 10 549 15 707 15 706 18 1001 6 406 10 548 15 705 15 704 18 1000 6 405 10 547 15 703 6 404 10 546 15 702 15 701 18 999 6 403 15 700 6 402 10 545 6 401 15 699 6 400 6 399 3 232 6 398 6 397 15 698 18 998 18 997 23 1141 6 396 15 697 6 395 10 544 6 394 6 393 10 543 3 231 6 392 3 230 6 391 3 229 6 390 3 228 6 389 0 80 1 120 3 227 6 388 3 226 6 387 6 386 6 385 3 225 6 384 3 224 6 383 0 79 3 223 3 222 6 382 0 78 3 221 3 220 6 381 0 77 1 119 0 76 3 219 6 380 0 75 3 218 3 217 6 379 3 216 6 378 0 74 3 215 0 73 3 214 0 72 3 213 0 71 3 212 0 70 0 69 3 211 0 68 3 210 6 377 0 67 3 209 0 66 3 208 0 65 3 207 0 64 1 118 3 206 0 63 3 205 0 62 1 117 0 61 1 116 3 204 0 60 3 203 0 59 3 202 0 58 1 115 6 376 10 542 15 696 6 375 10 541 15 695 6 374 10 540 15 694 6 373 10 539 15 693 6 372 10 538 15 692 6 371 6 370 6 369 10 537 15 691 6 368 15 690 18 996 15 689 18 995 1 114 4 268 1 113 4 267 1 112 4 266 1 111 4 265 1 110 4 264 1 109 4 263 1 108 4 262 0 57 1 107 0 56 1 106 1 105 1 104 1 103 1 102 1 101 1 100 1 99 18 994 23 1140 18 993 23 1139 1 98 4 261 1 97 4 260 1 96 4 259 1 95 4 258 1 94 4 257 1 93 4 256 1 92 4 255 4 254 4 253 4 252 4 251 4 250 4 249 4 248 4 247 7 467 4 246 7 466 4 245 7 465 4 244 7 464 4 243 7 463 4 242 7 462 4 241 7 461 23 1138 27 1183 23 1137 27 1182 31 1220 31 1219 31 1218 31 1217 23 1136 27 1181 23 1135 27 1180 27 1179 31 1216 27 1178 31 1215 27 1177 31 1214 27 1176 31 1213 23 1134 23 1133 27 1175 29 1204 23 1132 23 1131 23 1130 23 1129 23 1128 28 1197 23 1127 23 1126 28 1196 23 1125 23 1124 29 1203 23 1123 29 1202 23 1122 28 1195 23 1121 28 1194 23 1120 28 1193 23 1119 28 1192 29 1201 29 1200 28 1191 28 1190 28 1189 29 1199 29 1198 28 1188 28 1187 28 1186 28 1185 28 1184 4 240 7 460 4 239 7 459 4 238 7 458 4 237 7 457 7 456 7 455 7 454 12 644 7 453 12 643 7 452 12 642 12 641 12 640 7 451 7 450 7 449 7 448 7 447 7 446 7 445 7 444 7 443 7 442 7 441 12 639 7 440 12 638 12 637 12 636 7 439 7 438 7 437 7 436 1 91 4 236 0 55 1 90 0 54 3 201 0 53 1 89 1 88 4 235 4 234 4 233 7 435 7 434 7 433 7 432 16 868 19 1060 16 867 19 1059 16 866 19 1058 16 865 19 1057 16 864 19 1056 16 863 19 1055 16 862 19 1054 16 861 19 1053 16 860 19 1052 16 859 16 858 16 857 16 856 16 855 16 854 16 853 0 52 2 161 0 51 1 87 0 50 1 86 0 49 1 85 0 48 3 200 0 47 1 84 0 46 1 83 0 45 1 82 0 44 1 81 0 43 0 42 3 199 0 41 3 198 0 40 3 197 0 39 3 196 16 852 16 851 16 850 16 849 16 848 16 847 16 846 16 845 16 844 16 843 16 842 16 841 16 840 16 839 19 1051 16 838 14 688 16 837 16 836 16 835 16 834 19 1050 16 833 16 832 16 831 16 830 16 829 16 828 16 827 16 826 14 687 16 825 16 824 16 823 19 1049 16 822 19 1048 16 821 19 1047 16 820 19 1046 16 819 19 1045 11 602 16 818 16 817 19 1044 19 1043 16 816 16 815 16 814 16 813 16 812 16 811 19 1042 16 810 19 1041 16 809 16 808 19 1040 11 601 16 807 19 1039 16 806 16 805 16 804 11 600 16 803 19 1038 16 802 16 801 16 800 16 799 16 798 16 797 16 796 11 599 16 795 19 1037 11 598 16 794 19 1036 16 793 19 1035 16 792 19 1034 11 597 16 791 19 1033 16 790 19 1032 16 789 19 1031 16 788 16 787 16 786 16 785 16 784 16 783 16 782 16 781 16 780 16 779 16 778 16 777 16 776 16 775 16 774 16 773 16 772 16 771 16 770 19 1030 11 596 16 769 19 1029 11 595 16 768 19 1028 11 594 19 1027 19 1026 19 1025 11 593 19 1024 6 367 11 592 19 1023 6 366 11 591 19 1022 11 590 19 1021 14 686 16 767 16 766 16 765 16 764 11 589 16 763 19 1020 11 588 16 762 11 587 16 761 16 760 16 759 16 758 16 757 16 756 16 755 16 754 16 753 16 752 16 751 16 750 16 749 16 748 11 586 16 747 16 746 16 745 16 744 16 743 16 742 6 365 9 535 11 585 6 364 9 534 11 584 6 363 10 536 11 583 6 362 9 533 11 582 6 361 9 532 11 581 6 360 9 531 11 580 6 359 11 579 6 358 11 578 6 357 11 577 6 356 9 530 11 576 14 685 6 355 9 529 6 354 9 528 11 575 6 353 9 527 11 574 6 352 9 526 11 573 6 351 9 525 11 572 6 350 9 524 11 571 6 349 11 570 6 348 11 569 6 347 9 523 14 684 6 346 9 522 14 683 9 521 9 520 14 682 6 345 9 519 14 681 9 518 14 680 14 679 17 992 14 678 17 991 14 677 17 990 14 676 17 989 14 675 17 988 14 674 17 987 17 986 22 1118 17 985 22 1117 17 984 22 1116 6 344 9 517 14 673 6 343 9 516 14 672 14 671 17 983 6 342 9 515 14 670 14 669 17 982 6 341 9 514 14 668 6 340 9 513 14 667 14 666 17 981 6 339 14 665 6 338 9 512 6 337 14 664 6 336 6 335 3 195 6 334 6 333 14 663 17 980 17 979 22 1115 6 332 14 662 6 331 9 511 6 330 6 329 6 328 9 510 6 327 3 194 6 326 3 193 6 325 3 192 6 324 3 191 6 323 0 38 2 160 3 190 6 322 3 189 6 321 3 188 6 320 6 319 3 187 6 318 0 37 3 186 3 185 6 317 0 36 3 184 3 183 6 316 0 35 2 159 0 34 3 182 3 181 6 315 0 33 3 180 0 32 3 179 0 31 3 178 0 30 3 177 0 29 0 28 3 176 0 27 3 175 0 26 3 174 0 25 3 173 0 24 3 172 0 23 2 158 3 171 0 22 3 170 0 21 2 157 0 20 3 169 0 19 2 156 3 168 0 18 3 167 0 17 2 155 6 314 9 509 14 661 6 313 9 508 14 660 6 312 9 507 14 659 6 311 9 506 14 658 6 310 9 505 14 657 6 309 6 308 6 307 9 504 14 656 6 306 6 305 14 655 17 978 14 654 17 977 2 154 5 304 2 153 5 303 2 152 5 302 2 151 5 301 2 150 5 300 2 149 5 299 2 148 5 298 0 16 2 147 0 15 2 146 2 145 2 144 2 143 2 142 2 141 2 140 2 139 17 976 22 1114 17 975 22 1113 2 138 5 297 2 137 5 296 2 136 5 295 2 135 5 294 2 134 5 293 2 133 5 292 2 132 5 291 5 290 5 289 5 288 5 287 5 286 5 285 5 284 5 283 8 503 5 282 8 502 5 281 8 501 5 280 8 500 5 279 8 499 5 278 8 498 5 277 8 497 22 1112 24 1153 22 1111 24 1152 30 1212 30 1211 30 1210 30 1209 22 1110 24 1151 22 1109 24 1150 24 1149 30 1208 24 1148 30 1207 24 1147 30 1206 24 1146 30 1205 22 1108 22 1107 24 1145 26 1174 22 1106 22 1105 22 1104 22 1103 22 1102 25 1167 22 1101 22 1100 25 1166 22 1099 22 1098 26 1173 22 1097 26 1172 22 1096 25 1165 22 1095 25 1164 22 1094 25 1163 22 1093 25 1162 26 1171 26 1170 25 1161 25 1160 25 1159 26 1169 26 1168 25 1158 25 1157 25 1156 25 1155 25 1154 5 276 8 496 5 275 8 495 5 274 8 494 5 273 8 493 8 492 8 491 8 490 13 653 8 489 13 652 8 488 13 651 13 650 13 649 8 487 8 486 8 485 8 484 8 483 8 482 8 481 8 480 8 479 8 478 8 477 13 648 8 476 13 647 13 646 13 645 8 475 8 474 8 473 8 472 2 131 5 272 0 14 2 130 0 13 2 129 2 128 5 271 5 270 5 269 8 471 8 470 8 469 8 468 16 741 19 1019 16 740 19 1018 16 739 19 1017 16 738 19 1016 16 737 19 1015 16 736 16 735 16 734 19 1014 16 733 19 1013 16 732 19 1012 16 731 19 1011 16 730 16 729 16 728 16 727 16 726 16 725 16 724 0 12 2 127 0 11 2 126 0 10 2 125 0 9 3 166 0 8 2 124 0 7 2 123 0 6 2 122 0 5 2 121 0 4 3 165 0 3 0 2 3 164 0 1 3 163 0 0 3 162
          </v>
        </vertex_weights>
      </skin>
    </controller>

    <controller id="mh-highpolyeyes-skin">
      <skin source="#mh-highpolyeyesMesh">
        <bind_shape_matrix>
          1 0 0 0
          0 1 0 0
          0 0 1 0
          0 0 0 1
        </bind_shape_matrix>
        <source id="mh-highpolyeyes-skin-joints">
          <IDREF_array count="32" id="mh-highpolyeyes-skin-joints-array">
            hips thigh_L thigh_R spine shin_L shin_R chest foot_L foot_R clavicle_R clavicle_L neck toe_L toe_R upper_arm_R upper_arm_L head forearm_R forearm_L jaw eye_R eye_L hand_R hand_L thumb_02_R f_ring_01_R f_index_01_R thumb_02_L f_ring_01_L f_index_01_L thumb_03_R thumb_03_L
          </IDREF_array>
          <technique_common>
            <accessor count="32" source="#mh-highpolyeyes-skin-joints-array" stride="1">
              <param type="IDREF" name="JOINT"></param>
            </accessor>
          </technique_common>
        </source>
        <source id="mh-highpolyeyes-skin-weights">
          <float_array count="1268" id="mh-highpolyeyes-skin-weights-array">
           0.00215088 0.00217417 0.00123284 0.00356535 0.0188352 0.0711012 0.133439 0.112857 0.0525522 0.00140765 0.00118217 0.00238504 0.0556197 0.0637752 0.0304951 0.0395922 0.011408 0.028701 0.0158507 0.0140155 0.0212423 0.00962642 0.00832905 0.00768833 0.00165346 0.00284136 0.00273355 0.0011374 0.00996038 0.00841515 0.0238048 0.00408622 0.000821833 0.0354434 0.0376505 0.0842302 0.069784 0.00112248 0.0300542 0.0753469 0.102091 0.0886614 0.0233648 0.036261 0.0598251 0.098389 0.0713739 0.021056 0.0260372 0.0199174 0.0446463 0.00382444 0.00327309 0.0141717 0.012752 0.00158603 0.00278654 0.00400574 0.051699 0.104832 0.0736636 0.0413402 0.000794092 0.0120163 0.0286548 0.016791 0.0141772 0.0210446 0.010528 0.00771136 0.00775147 0.00168242 0.00265843 0.00390697 0.00201357 0.00862559 0.00604258 0.0226071 0.0212141 0.00175144 0.0355817 0.0361978 0.0816163 0.0805841 0.00526493 0.0320611 0.0754538 0.101256 0.12336 0.0454878 0.036281 0.0606813 0.0959195 0.102309 0.0552831 0.0255492 0.0200446 0.0434676 0.00314366 0.00220812 0.0136177 0.0129198 0.00215088 0.00217417 0.00123284 0.00356535 0.0188352 0.0711012 0.133439 0.112857 0.0525522 0.00140765 0.00118217 0.00238504 0.0556197 0.0637752 0.0304951 0.0395922 0.011408 0.028701 0.0158507 0.0140155 0.0212423 0.00962642 0.00832905 0.00768833 0.00165346 0.00284136 0.00273355 0.0011374 0.00996038 0.00841515 0.0238048 0.00408622 0.000821833 0.0354434 0.0376505 0.0842302 0.069784 0.00112248 0.0300542 0.0753469 0.102091 0.0886614 0.0233648 0.036261 0.0598251 0.098389 0.0713739 0.021056 0.0260372 0.0199174 0.0446463 0.00382444 0.00327309 0.0141717 0.012752 0.00158603 0.00278654 0.00400574 0.051699 0.104832 0.0736636 0.0413402 0.000794092 0.0120163 0.0286548 0.016791 0.0141772 0.0210446 0.010528 0.00771136 0.00775147 0.00168242 0.00265843 0.00390697 0.00201357 0.00862559 0.00604258 0.0226071 0.0212141 0.00175144 0.0355817 0.0361978 0.0816163 0.0805841 0.00526493 0.0320611 0.0754538 0.101256 0.12336 0.0454878 0.036281 0.0606813 0.0959195 0.102309 0.0552831 0.0255492 0.0200446 0.0434676 0.00314366 0.00220812 0.0136177 0.0129198 1.0 0.997849 0.997826 1.0 1.0 1.0 0.998767 0.996435 0.981165 0.928899 0.866561 0.887143 0.947448 1.0 1.0 1.0 1.0 1.0 1.0 1.0 1.0 1.0 1.0 1.0 1.0 1.0 0.998592 0.998818 0.997615 0.94438 0.936225 0.969505 0.960408 1.0 1.0 1.0 1.0 1.0 1.0 1.0 1.0 1.0 1.0 1.0 1.0 1.0 1.0 1.0 1.0 1.0 1.0 1.0 1.0 1.0 1.0 1.0 1.0 1.0 1.0 1.0 1.0 1.0 1.0 1.0 1.0 1.0 1.0 1.0 1.0 1.0 1.0 1.0 1.0 1.0 1.0 1.0 1.0 1.0 1.0 1.0 1.0 0.988592 0.971299 0.984149 1.0 1.0 1.0 1.0 1.0 1.0 1.0 0.985985 0.978758 0.990374 1.0 1.0 1.0 1.0 1.0 1.0 1.0 1.0 0.991671 0.992312 1.0 1.0 1.0 1.0 1.0 1.0 1.0 1.0 1.0 1.0 1.0 1.0 1.0 1.0 1.0 1.0 1.0 1.0 1.0 1.0 1.0 1.0 1.0 1.0 1.0 1.0 1.0 1.0 1.0 1.0 1.0 1.0 1.0 1.0 1.0 1.0 1.0 1.0 1.0 1.0 0.998347 1.0 1.0 1.0 1.0 1.0 1.0 1.0 1.0 0.997159 0.997266 0.998863 1.0 1.0 1.0 1.0 1.0 0.99004 0.991585 0.976195 0.995914 0.999178 1.0 1.0 1.0 1.0 1.0 0.964557 0.962349 0.91577 0.930216 0.998878 1.0 1.0 1.0 1.0 1.0 0.969946 0.924653 0.897909 0.911339 0.976635 1.0 1.0 1.0 1.0 1.0 0.963739 0.940175 0.901611 0.928626 0.978944 1.0 1.0 1.0 1.0 1.0 1.0 0.973963 0.980083 0.955354 1.0 1.0 1.0 1.0 1.0 1.0 1.0 1.0 1.0 1.0 1.0 1.0 1.0 1.0 1.0 1.0 1.0 1.0 1.0 1.0 1.0 1.0 1.0 1.0 1.0 1.0 1.0 1.0 1.0 1.0 1.0 1.0 1.0 1.0 1.0 1.0 1.0 1.0 1.0 1.0 1.0 1.0 1.0 1.0 1.0 1.0 1.0 1.0 1.0 1.0 1.0 1.0 1.0 1.0 1.0 1.0 0.996176 0.996727 1.0 1.0 1.0 1.0 1.0 1.0 1.0 1.0 1.0 0.985828 0.987248 1.0 1.0 1.0 1.0 1.0 1.0 1.0 1.0 0.998414 0.997213 0.995994 0.948301 0.895168 0.926336 0.95866 1.0 1.0 1.0 1.0 1.0 1.0 1.0 1.0 1.0 1.0 1.0 1.0 1.0 1.0 1.0 1.0 1.0 1.0 1.0 1.0 1.0 1.0 1.0 1.0 1.0 1.0 1.0 1.0 1.0 1.0 1.0 1.0 1.0 1.0 1.0 1.0 1.0 1.0 1.0 1.0 1.0 1.0 0.999206 1.0 1.0 1.0 1.0 1.0 0.987984 0.971345 0.983209 1.0 1.0 1.0 1.0 1.0 1.0 1.0 0.985823 0.978955 0.989472 1.0 1.0 1.0 1.0 1.0 1.0 1.0 1.0 0.992289 0.992249 1.0 1.0 1.0 1.0 1.0 1.0 1.0 1.0 1.0 1.0 1.0 1.0 1.0 1.0 1.0 1.0 1.0 1.0 1.0 1.0 1.0 1.0 1.0 1.0 1.0 1.0 1.0 1.0 1.0 1.0 1.0 1.0 1.0 1.0 1.0 1.0 1.0 1.0 1.0 1.0 0.998318 1.0 1.0 1.0 1.0 1.0 1.0 1.0 1.0 0.997342 0.996093 0.997986 1.0 1.0 1.0 1.0 1.0 0.991374 0.993957 0.977393 0.978786 0.998249 1.0 1.0 1.0 1.0 1.0 0.964418 0.963802 0.918384 0.919416 0.994735 1.0 1.0 1.0 1.0 1.0 0.967939 0.924546 0.898744 0.87664 0.954512 1.0 1.0 1.0 1.0 1.0 0.963719 0.939319 0.90408 0.897691 0.944717 1.0 1.0 1.0 1.0 1.0 1.0 0.974451 0.979955 0.956532 1.0 1.0 1.0 1.0 1.0 1.0 1.0 1.0 1.0 1.0 1.0 1.0 1.0 1.0 1.0 1.0 1.0 1.0 1.0 1.0 1.0 1.0 1.0 1.0 1.0 1.0 1.0 1.0 1.0 1.0 1.0 1.0 1.0 1.0 1.0 1.0 1.0 1.0 1.0 1.0 1.0 1.0 1.0 1.0 1.0 1.0 1.0 1.0 1.0 1.0 1.0 1.0 1.0 1.0 1.0 1.0 0.996856 0.997792 1.0 1.0 1.0 1.0 1.0 1.0 1.0 1.0 1.0 0.986382 0.98708 1.0 1.0 1.0 0.997849 0.997826 1.0 1.0 1.0 0.998767 0.996435 0.981165 0.928899 0.866561 0.887143 0.947448 1.0 1.0 1.0 1.0 1.0 1.0 1.0 1.0 1.0 1.0 1.0 1.0 1.0 0.998592 0.998818 0.997615 0.94438 0.936225 0.969505 0.960408 1.0 1.0 1.0 1.0 1.0 1.0 1.0 1.0 1.0 1.0 1.0 1.0 1.0 1.0 1.0 1.0 1.0 1.0 1.0 1.0 1.0 1.0 1.0 1.0 1.0 1.0 1.0 1.0 1.0 1.0 1.0 1.0 1.0 1.0 1.0 1.0 1.0 1.0 1.0 1.0 1.0 1.0 1.0 1.0 1.0 1.0 1.0 1.0 0.988592 0.971299 0.984149 1.0 1.0 1.0 1.0 1.0 1.0 1.0 0.985985 0.978758 0.990374 1.0 1.0 1.0 1.0 1.0 1.0 1.0 1.0 0.991671 0.992312 1.0 1.0 1.0 1.0 1.0 1.0 1.0 1.0 1.0 1.0 1.0 1.0 1.0 1.0 1.0 1.0 1.0 1.0 1.0 1.0 1.0 1.0 1.0 1.0 1.0 1.0 1.0 1.0 1.0 1.0 1.0 1.0 1.0 1.0 1.0 1.0 1.0 1.0 1.0 1.0 0.998347 1.0 1.0 1.0 1.0 1.0 1.0 1.0 1.0 0.997159 0.997266 0.998863 1.0 1.0 1.0 1.0 1.0 0.99004 0.991585 0.976195 0.995914 0.999178 1.0 1.0 1.0 1.0 1.0 0.964557 0.962349 0.91577 0.930216 0.998878 1.0 1.0 1.0 1.0 1.0 0.969946 0.924653 0.897909 0.911339 0.976635 1.0 1.0 1.0 1.0 1.0 0.963739 0.940175 0.901611 0.928626 0.978944 1.0 1.0 1.0 1.0 1.0 1.0 0.973963 0.980083 0.955354 1.0 1.0 1.0 1.0 1.0 1.0 1.0 1.0 1.0 1.0 1.0 1.0 1.0 1.0 1.0 1.0 1.0 1.0 1.0 1.0 1.0 1.0 1.0 1.0 1.0 1.0 1.0 1.0 1.0 1.0 1.0 1.0 1.0 1.0 1.0 1.0 1.0 1.0 1.0 1.0 1.0 1.0 1.0 1.0 1.0 1.0 1.0 1.0 1.0 1.0 1.0 1.0 1.0 1.0 1.0 1.0 0.996176 0.996727 1.0 1.0 1.0 1.0 1.0 1.0 1.0 1.0 1.0 0.985828 0.987248 1.0 1.0 1.0 1.0 1.0 1.0 1.0 1.0 0.998414 0.997213 0.995994 0.948301 0.895168 0.926336 0.95866 1.0 1.0 1.0 1.0 1.0 1.0 1.0 1.0 1.0 1.0 1.0 1.0 1.0 1.0 1.0 1.0 1.0 1.0 1.0 1.0 1.0 1.0 1.0 1.0 1.0 1.0 1.0 1.0 1.0 1.0 1.0 1.0 1.0 1.0 1.0 1.0 1.0 1.0 1.0 1.0 1.0 1.0 0.999206 1.0 1.0 1.0 1.0 1.0 0.987984 0.971345 0.983209 1.0 1.0 1.0 1.0 1.0 1.0 1.0 0.985823 0.978955 0.989472 1.0 1.0 1.0 1.0 1.0 1.0 1.0 1.0 0.992289 0.992249 1.0 1.0 1.0 1.0 1.0 1.0 1.0 1.0 1.0 1.0 1.0 1.0 1.0 1.0 1.0 1.0 1.0 1.0 1.0 1.0 1.0 1.0 1.0 1.0 1.0 1.0 1.0 1.0 1.0 1.0 1.0 1.0 1.0 1.0 1.0 1.0 1.0 1.0 1.0 1.0 0.998318 1.0 1.0 1.0 1.0 1.0 1.0 1.0 1.0 0.997342 0.996093 0.997986 1.0 1.0 1.0 1.0 1.0 0.991374 0.993957 0.977393 0.978786 0.998249 1.0 1.0 1.0 1.0 1.0 0.964418 0.963802 0.918384 0.919416 0.994735 1.0 1.0 1.0 1.0 1.0 0.967939 0.924546 0.898744 0.87664 0.954512 1.0 1.0 1.0 1.0 1.0 0.963719 0.939319 0.90408 0.897691 0.944717 1.0 1.0 1.0 1.0 1.0 1.0 0.974451 0.979955 0.956532 1.0 1.0 1.0 1.0 1.0 1.0 1.0 1.0 1.0 1.0 1.0 1.0 1.0 1.0 1.0 1.0 1.0 1.0 1.0 1.0 1.0 1.0 1.0 1.0 1.0 1.0 1.0 1.0 1.0 1.0 1.0 1.0 1.0 1.0 1.0 1.0 1.0 1.0 1.0 1.0 1.0 1.0 1.0 1.0 1.0 1.0 1.0 1.0 1.0 1.0 1.0 1.0 1.0 1.0 1.0 1.0 0.996856 0.997792 1.0 1.0 1.0 1.0 1.0 1.0 1.0 1.0 1.0 0.986382 0.98708 1.0 1.0
          </float_array>
          <technique_common>
            <accessor count="1268" source="#mh-highpolyeyes-skin-weights-array" stride="1">
              <param type="float" name="WEIGHT"></param>
            </accessor>
          </technique_common>
        </source>
        <source id="mh-highpolyeyes-skin-poses">
          <float_array count="512" id="mh-highpolyeyes-skin-poses-array">
            1.0000 0.0000 -0.0000 -0.0000
            -0.0000 0.9875 -0.1577 -0.8613
            0.0000 0.1577 0.9875 -0.1509
            0.0000 0.0000 0.0000 1.0000

            0.9910 0.0965 -0.0930 -0.1836
            0.1042 -0.9911 0.0823 0.8476
            -0.0842 -0.0912 -0.9923 0.0924
            0.0000 0.0000 0.0000 1.0000

            0.9910 -0.0965 0.0930 0.1836
            -0.1042 -0.9911 0.0823 0.8476
            0.0842 -0.0912 -0.9923 0.0924
            0.0000 0.0000 0.0000 1.0000

            1.0000 0.0000 -0.0000 -0.0000
            -0.0000 0.9997 0.0231 -1.0198
            0.0000 -0.0231 0.9997 0.0336
            0.0000 0.0000 0.0000 1.0000

            0.9910 0.0965 -0.0930 -0.1836
            0.0935 -0.9950 -0.0361 0.4609
            -0.0960 0.0270 -0.9950 0.0380
            0.0000 0.0000 0.0000 1.0000

            0.9910 -0.0965 0.0930 0.1836
            -0.0935 -0.9950 -0.0361 0.4609
            0.0960 0.0270 -0.9950 0.0380
            0.0000 0.0000 0.0000 1.0000

            1.0000 -0.0000 0.0000 0.0000
            0.0000 0.9991 0.0423 -1.0940
            -0.0000 -0.0423 0.9991 0.0547
            0.0000 0.0000 0.0000 1.0000

            0.9990 0.0342 -0.0291 -0.1821
            0.0416 -0.4576 0.8882 0.0042
            0.0170 -0.8885 -0.4586 0.0692
            0.0000 0.0000 0.0000 1.0000

            0.9990 -0.0342 0.0291 0.1821
            -0.0416 -0.4576 0.8882 0.0042
            -0.0170 -0.8885 -0.4586 0.0692
            0.0000 0.0000 0.0000 1.0000

